[Value]         [Input]
945804461	1
945804462	2
945804463	3
945804456	4
945804457	5
945804458	6
945804459	7
945804452	8
945804453	9
945804454	10
945804455	11
945804448	12
945804449	13
945804450	14
945804451	15
945804476	16
945804477	17
945804478	18
945804479	19
945804472	20
945804473	21
945804474	22
945804475	23
945804468	24
945804469	25
945804470	26
945804471	27
945804464	28
945804465	29
945804466	30
945804467	31
945804428	32
945804429	33
945804430	34
945804431	35
945804424	36
945804425	37
945804426	38
945804427	39
945804420	40
945804421	41
945804422	42
945804423	43
945804416	44
945804417	45
945804418	46
945804419	47
945804444	48
945804445	49
945804446	50
945804447	51
945804440	52
945804441	53
945804442	54
945804443	55
945804436	56
945804437	57
945804438	58
945804439	59
945804432	60
945804433	61
945804434	62
945804435	63
945804524	64
945804388	200
